20
16
6
15
11
7
3
3
7
18
14
12
25
12
15
12
15
17
8
9
7
13
5
20
7
21
17
24
23
31
22
20
4
6
Impossible
9
17
11
18
24
16
15
10
12
14
6
6
6
9
12
4
25
16
1
7
27
12
27
10
11
12
30
9
14
4
15
14
2
21
25
19
8
23
1
10
19
24
2
11
Impossible
4
28
28
2
6
33
7
19
10
16
11
14
5
1
8
2
16
14
16
10
6
29
9
18
7
16
23
7
11
16
13
1
14
15
5
Impossible
6
5
8
3
14
23
11
10
5
30
1
32
14
17
Impossible
29
17
7
6
16
11
25
11
9
25
27
7
33
26
1
1
10
11
25
5
2
21
2
26
2
22
20
17
5
3
9
27
22
6
21
14
16
2
20
20
9
1
Impossible
6
14
17
5
23
19
1
16
27
3
21
17
15
1
21
1
2
25
11
3
2
6
22
2
14
1
3
26
0
7
14
17
1
2
1
26
26
8
24
25
16
25
11
35
3
13
12
Impossible
1
22
18
3
12
Impossible
27
14
15
2
1
18
3
19
11
22
11
4
21
33
21
3
7
8
5
28
21
12
7
21
14
7
28
12
10
3
21
19
10
12
26
13
25
24
27
12
5
5
20
16
6
20
5
19
7
9
14
12
3
20
22
26
11
1
2
5
4
17
19
29
21
2
4
2
23
26
20
16
4
3
25
30
8
25
22
6
3
19
3
19
23
3
6
29
12
9
11
25
14
14
10
19
25
12
18
10
4
8
7
1
21
22
26
12
34
8
14
9
17
21
18
9
27
8
3
7
5
4
5
19
6
24
12
4
1
22
20
7
17
2
13
6
Impossible
10
2
1
2
5
22
14
26
25
21
22
4
19
4
14
10
8
30
27
1
27
4
9
1
12
11
23
26
17
11
8
14
5
7
28
4
21
11
17
22
20
1
24
8
20
19
1
7
9
15
10
24
14
1
11
5
35
8
6
22
15
4
8
1
15
22
23
35
5
22
2
19
5
2
12
11
23
3
4
23
31
15
26
16
21
30
26
8
2
2
24
23
13
3
1
24
6
17
18
12
9
23
2
6
9
9
6
24
11
29
23
29
9
14
18
30
25
4
21
2
7
Impossible
8
16
3
2
22
3
12
23
30
4
6
5
1
